    1.000  -0.584094E+02  -0.465778E+01   0.528225E-01  -0.436160E-02
    1.010  -0.571987E+02  -0.454754E+01   0.539827E-01  -0.444735E-02
    1.020  -0.560234E+02  -0.444127E+01   0.551587E-01  -0.453461E-02
    1.030  -0.548819E+02  -0.433879E+01   0.563509E-01  -0.462341E-02
    1.040  -0.537730E+02  -0.423992E+01   0.575592E-01  -0.471378E-02
    1.050  -0.526955E+02  -0.414450E+01   0.587840E-01  -0.480576E-02
    1.060  -0.516482E+02  -0.405237E+01   0.600253E-01  -0.489936E-02
    1.070  -0.506300E+02  -0.396338E+01   0.612833E-01  -0.499464E-02
    1.080  -0.496398E+02  -0.387740E+01   0.625582E-01  -0.509161E-02
    1.090  -0.486766E+02  -0.379430E+01   0.638502E-01  -0.519032E-02
    1.100  -0.477394E+02  -0.371394E+01   0.651594E-01  -0.529080E-02
    1.110  -0.468273E+02  -0.363621E+01   0.664861E-01  -0.539309E-02
    1.120  -0.459394E+02  -0.356100E+01   0.678304E-01  -0.549721E-02
    1.130  -0.450748E+02  -0.348821E+01   0.691925E-01  -0.560322E-02
    1.140  -0.442328E+02  -0.341772E+01   0.705726E-01  -0.571114E-02
    1.150  -0.434126E+02  -0.334945E+01   0.719710E-01  -0.582102E-02
    1.160  -0.426133E+02  -0.328331E+01   0.733878E-01  -0.593290E-02
    1.170  -0.418344E+02  -0.321921E+01   0.748232E-01  -0.604682E-02
    1.180  -0.410751E+02  -0.315706E+01   0.762774E-01  -0.616281E-02
    1.190  -0.403347E+02  -0.309679E+01   0.777507E-01  -0.628093E-02
    1.200  -0.396127E+02  -0.303833E+01   0.792433E-01  -0.640122E-02
    1.210  -0.389084E+02  -0.298160E+01   0.807554E-01  -0.652372E-02
    1.220  -0.382212E+02  -0.292653E+01   0.822872E-01  -0.664848E-02
    1.230  -0.375507E+02  -0.287307E+01   0.838390E-01  -0.677555E-02
    1.240  -0.368962E+02  -0.282115E+01   0.854110E-01  -0.690497E-02
    1.250  -0.362573E+02  -0.277071E+01   0.870035E-01  -0.703680E-02
    1.260  -0.356334E+02  -0.272170E+01   0.886167E-01  -0.717109E-02
    1.270  -0.350242E+02  -0.267407E+01   0.902508E-01  -0.730789E-02
    1.280  -0.344290E+02  -0.262776E+01   0.919062E-01  -0.744725E-02
    1.290  -0.338476E+02  -0.258272E+01   0.935831E-01  -0.758923E-02
    1.300  -0.332795E+02  -0.253891E+01   0.952817E-01  -0.773388E-02
    1.310  -0.327242E+02  -0.249629E+01   0.970024E-01  -0.788127E-02
    1.320  -0.321815E+02  -0.245481E+01   0.987455E-01  -0.803145E-02
    1.330  -0.316508E+02  -0.241443E+01   0.100511E+00  -0.818449E-02
    1.340  -0.311320E+02  -0.237512E+01   0.102300E+00  -0.834045E-02
    1.350  -0.306245E+02  -0.233683E+01   0.104111E+00  -0.849939E-02
    1.360  -0.301281E+02  -0.229953E+01   0.105947E+00  -0.866138E-02
    1.370  -0.296425E+02  -0.226319E+01   0.107806E+00  -0.882648E-02
    1.380  -0.291673E+02  -0.222778E+01   0.109689E+00  -0.899478E-02
    1.390  -0.287023E+02  -0.219326E+01   0.111597E+00  -0.916633E-02
    1.400  -0.282471E+02  -0.215961E+01   0.113530E+00  -0.934122E-02
    1.410  -0.278015E+02  -0.212679E+01   0.115488E+00  -0.951953E-02
    1.420  -0.273652E+02  -0.209477E+01   0.117471E+00  -0.970131E-02
    1.430  -0.269379E+02  -0.206354E+01   0.119480E+00  -0.988667E-02
    1.440  -0.265195E+02  -0.203307E+01   0.121516E+00  -0.100757E-01
    1.450  -0.261096E+02  -0.200333E+01   0.123578E+00  -0.102684E-01
    1.460  -0.257081E+02  -0.197430E+01   0.125668E+00  -0.104650E-01
    1.470  -0.253146E+02  -0.194595E+01   0.127784E+00  -0.106655E-01
    1.480  -0.249291E+02  -0.191827E+01   0.129929E+00  -0.108700E-01
    1.490  -0.245512E+02  -0.189124E+01   0.132102E+00  -0.110786E-01
    1.500  -0.241807E+02  -0.186483E+01   0.134303E+00  -0.112914E-01
    1.510  -0.238176E+02  -0.183902E+01   0.136534E+00  -0.115085E-01
    1.520  -0.234615E+02  -0.181380E+01   0.138794E+00  -0.117300E-01
    1.530  -0.231123E+02  -0.178915E+01   0.141084E+00  -0.119561E-01
    1.540  -0.227699E+02  -0.176505E+01   0.143404E+00  -0.121867E-01
    1.550  -0.224339E+02  -0.174149E+01   0.145756E+00  -0.124221E-01
    1.560  -0.221044E+02  -0.171845E+01   0.148139E+00  -0.126624E-01
    1.570  -0.217810E+02  -0.169592E+01   0.150554E+00  -0.129076E-01
    1.580  -0.214638E+02  -0.167387E+01   0.153001E+00  -0.131580E-01
    1.590  -0.211524E+02  -0.165230E+01   0.155481E+00  -0.134136E-01
    1.600  -0.208468E+02  -0.163120E+01   0.157995E+00  -0.136745E-01
    1.610  -0.205468E+02  -0.161054E+01   0.160543E+00  -0.139410E-01
    1.620  -0.202523E+02  -0.159032E+01   0.163125E+00  -0.142131E-01
    1.630  -0.199631E+02  -0.157053E+01   0.165742E+00  -0.144910E-01
    1.640  -0.196791E+02  -0.155114E+01   0.168396E+00  -0.147748E-01
    1.650  -0.194002E+02  -0.153216E+01   0.171085E+00  -0.150648E-01
    1.660  -0.191263E+02  -0.151357E+01   0.173812E+00  -0.153610E-01
    1.670  -0.188572E+02  -0.149536E+01   0.176576E+00  -0.156636E-01
    1.680  -0.185929E+02  -0.147752E+01   0.179378E+00  -0.159728E-01
    1.690  -0.183331E+02  -0.146004E+01   0.182220E+00  -0.162888E-01
    1.700  -0.180779E+02  -0.144291E+01   0.185100E+00  -0.166118E-01
    1.710  -0.178271E+02  -0.142612E+01   0.188022E+00  -0.169419E-01
    1.720  -0.175806E+02  -0.140967E+01   0.190984E+00  -0.172794E-01
    1.730  -0.173383E+02  -0.139353E+01   0.193988E+00  -0.176244E-01
    1.740  -0.171001E+02  -0.137771E+01   0.197034E+00  -0.179772E-01
    1.750  -0.168659E+02  -0.136220E+01   0.200124E+00  -0.183379E-01
    1.760  -0.166356E+02  -0.134699E+01   0.203258E+00  -0.187069E-01
    1.770  -0.164092E+02  -0.133207E+01   0.206437E+00  -0.190843E-01
    1.780  -0.161865E+02  -0.131744E+01   0.209661E+00  -0.194704E-01
    1.790  -0.159674E+02  -0.130308E+01   0.212932E+00  -0.198653E-01
    1.800  -0.157520E+02  -0.128899E+01   0.216251E+00  -0.202695E-01
    1.810  -0.155400E+02  -0.127517E+01   0.219618E+00  -0.206831E-01
    1.820  -0.153315E+02  -0.126161E+01   0.223034E+00  -0.211065E-01
    1.830  -0.151263E+02  -0.124829E+01   0.226500E+00  -0.215399E-01
    1.840  -0.149244E+02  -0.123522E+01   0.230018E+00  -0.219836E-01
    1.850  -0.147257E+02  -0.122240E+01   0.233588E+00  -0.224379E-01
    1.860  -0.145301E+02  -0.120980E+01   0.237212E+00  -0.229031E-01
    1.870  -0.143376E+02  -0.119743E+01   0.240890E+00  -0.233797E-01
    1.880  -0.141481E+02  -0.118529E+01   0.244623E+00  -0.238678E-01
    1.890  -0.139616E+02  -0.117337E+01   0.248413E+00  -0.243680E-01
    1.900  -0.137779E+02  -0.116165E+01   0.252261E+00  -0.248805E-01
    1.910  -0.135970E+02  -0.115015E+01   0.256167E+00  -0.254057E-01
    1.920  -0.134189E+02  -0.113885E+01   0.260134E+00  -0.259441E-01
    1.930  -0.132435E+02  -0.112775E+01   0.264163E+00  -0.264961E-01
    1.940  -0.130707E+02  -0.111684E+01   0.268254E+00  -0.270620E-01
    1.950  -0.129006E+02  -0.110612E+01   0.272410E+00  -0.276425E-01
    1.960  -0.127329E+02  -0.109559E+01   0.276631E+00  -0.282378E-01
    1.970  -0.125678E+02  -0.108524E+01   0.280919E+00  -0.288485E-01
    1.980  -0.124051E+02  -0.107507E+01   0.285275E+00  -0.294752E-01
    1.990  -0.122447E+02  -0.106508E+01   0.289702E+00  -0.301183E-01
    2.000  -0.120867E+02  -0.105525E+01   0.294200E+00  -0.307785E-01
    2.010  -0.119310E+02  -0.104559E+01   0.298771E+00  -0.314562E-01
    2.020  -0.117776E+02  -0.103610E+01   0.303417E+00  -0.321521E-01
    2.030  -0.116263E+02  -0.102676E+01   0.308140E+00  -0.328667E-01
    2.040  -0.114772E+02  -0.101758E+01   0.312941E+00  -0.336009E-01
    2.050  -0.113302E+02  -0.100856E+01   0.317822E+00  -0.343552E-01
    2.060  -0.111853E+02  -0.999684E+00   0.322785E+00  -0.351303E-01
    2.070  -0.110424E+02  -0.990958E+00   0.327832E+00  -0.359270E-01
    2.080  -0.109015E+02  -0.982376E+00   0.332965E+00  -0.367461E-01
    2.090  -0.107626E+02  -0.973936E+00   0.338186E+00  -0.375884E-01
    2.100  -0.106256E+02  -0.965635E+00   0.343498E+00  -0.384546E-01
    2.110  -0.104904E+02  -0.957470E+00   0.348902E+00  -0.393458E-01
    2.120  -0.103571E+02  -0.949439E+00   0.354401E+00  -0.402628E-01
    2.130  -0.102256E+02  -0.941539E+00   0.359996E+00  -0.412066E-01
    2.140  -0.100959E+02  -0.933768E+00   0.365692E+00  -0.421781E-01
    2.150  -0.996795E+01  -0.926123E+00   0.371490E+00  -0.431786E-01
    2.160  -0.984169E+01  -0.918601E+00   0.377392E+00  -0.442090E-01
    2.170  -0.971710E+01  -0.911202E+00   0.383402E+00  -0.452705E-01
    2.180  -0.959415E+01  -0.903922E+00   0.389522E+00  -0.463643E-01
    2.190  -0.947282E+01  -0.896759E+00   0.395756E+00  -0.474918E-01
    2.200  -0.935307E+01  -0.889711E+00   0.402106E+00  -0.486542E-01
    2.210  -0.923488E+01  -0.882777E+00   0.408575E+00  -0.498530E-01
    2.220  -0.911822E+01  -0.875953E+00   0.415167E+00  -0.510896E-01
    2.230  -0.900305E+01  -0.869239E+00   0.421885E+00  -0.523656E-01
    2.240  -0.888936E+01  -0.862632E+00   0.428733E+00  -0.536826E-01
    2.250  -0.877711E+01  -0.856131E+00   0.435713E+00  -0.550423E-01
    2.260  -0.866628E+01  -0.849734E+00   0.442831E+00  -0.564466E-01
    2.270  -0.855684E+01  -0.843438E+00   0.450090E+00  -0.578972E-01
    2.280  -0.844877E+01  -0.837243E+00   0.457493E+00  -0.593963E-01
    2.290  -0.834205E+01  -0.831146E+00   0.465046E+00  -0.609459E-01
    2.300  -0.823664E+01  -0.825147E+00   0.472753E+00  -0.625482E-01
    2.310  -0.813253E+01  -0.819243E+00   0.480617E+00  -0.642055E-01
    2.320  -0.802970E+01  -0.813434E+00   0.488645E+00  -0.659204E-01
    2.330  -0.792811E+01  -0.807717E+00   0.496840E+00  -0.676954E-01
    2.340  -0.782775E+01  -0.802091E+00   0.505208E+00  -0.695332E-01
    2.350  -0.772860E+01  -0.796555E+00   0.513755E+00  -0.714369E-01
    2.360  -0.763064E+01  -0.791107E+00   0.522485E+00  -0.734093E-01
    2.370  -0.753384E+01  -0.785747E+00   0.531405E+00  -0.754538E-01
    2.380  -0.743819E+01  -0.780472E+00   0.540521E+00  -0.775738E-01
    2.390  -0.734367E+01  -0.775282E+00   0.549839E+00  -0.797730E-01
    2.400  -0.725024E+01  -0.770176E+00   0.559365E+00  -0.820551E-01
    2.410  -0.715791E+01  -0.765152E+00   0.569107E+00  -0.844243E-01
    2.420  -0.706664E+01  -0.760209E+00   0.579072E+00  -0.868850E-01
    2.430  -0.697643E+01  -0.755346E+00   0.589266E+00  -0.894416E-01
    2.440  -0.688724E+01  -0.750562E+00   0.599699E+00  -0.920991E-01
    2.450  -0.679907E+01  -0.745856E+00   0.610377E+00  -0.948628E-01
    2.460  -0.671190E+01  -0.741227E+00   0.621311E+00  -0.977381E-01
    2.470  -0.662571E+01  -0.736674E+00   0.632507E+00  -0.100731E+00
    2.480  -0.654048E+01  -0.732195E+00   0.643977E+00  -0.103847E+00
    2.490  -0.645620E+01  -0.727792E+00   0.655729E+00  -0.107095E+00
    2.500  -0.637284E+01  -0.723461E+00   0.667774E+00  -0.110479E+00
    2.510  -0.629041E+01  -0.719203E+00   0.680123E+00  -0.114009E+00
    2.520  -0.620887E+01  -0.715016E+00   0.692786E+00  -0.117692E+00
    2.530  -0.612823E+01  -0.710900E+00   0.705775E+00  -0.121538E+00
    2.540  -0.604845E+01  -0.706854E+00   0.719103E+00  -0.125555E+00
    2.550  -0.596952E+01  -0.702877E+00   0.732783E+00  -0.129753E+00
    2.560  -0.589144E+01  -0.698968E+00   0.746828E+00  -0.134143E+00
    2.570  -0.581419E+01  -0.695128E+00   0.761253E+00  -0.138737E+00
    2.580  -0.573775E+01  -0.691354E+00   0.776072E+00  -0.143546E+00
    2.590  -0.566211E+01  -0.687647E+00   0.791300E+00  -0.148585E+00
    2.600  -0.558725E+01  -0.684006E+00   0.806956E+00  -0.153868E+00
    2.610  -0.551317E+01  -0.680429E+00   0.823055E+00  -0.159409E+00
    2.620  -0.543986E+01  -0.676918E+00   0.839615E+00  -0.165225E+00
    2.630  -0.536729E+01  -0.673471E+00   0.856657E+00  -0.171335E+00
    2.640  -0.529545E+01  -0.670087E+00   0.874200E+00  -0.177757E+00
    2.650  -0.522435E+01  -0.666766E+00   0.892266E+00  -0.184512E+00
    2.660  -0.515395E+01  -0.663507E+00   0.910876E+00  -0.191624E+00
    2.670  -0.508425E+01  -0.660311E+00   0.930053E+00  -0.199116E+00
    2.680  -0.501525E+01  -0.657177E+00   0.949824E+00  -0.207015E+00
    2.690  -0.494692E+01  -0.654103E+00   0.970213E+00  -0.215350E+00
    2.700  -0.487926E+01  -0.651091E+00   0.991247E+00  -0.224152E+00
    2.710  -0.481225E+01  -0.648139E+00   0.101296E+01  -0.233456E+00
    2.720  -0.474589E+01  -0.645247E+00   0.103537E+01  -0.243298E+00
    2.730  -0.468016E+01  -0.642414E+00   0.105852E+01  -0.253720E+00
    2.740  -0.461506E+01  -0.639642E+00   0.108244E+01  -0.264765E+00
    2.750  -0.455057E+01  -0.636928E+00   0.110717E+01  -0.276482E+00
    2.760  -0.448668E+01  -0.634274E+00   0.113273E+01  -0.288924E+00
    2.770  -0.442339E+01  -0.631678E+00   0.115918E+01  -0.302151E+00
    2.780  -0.436067E+01  -0.629140E+00   0.118655E+01  -0.316225E+00
    2.790  -0.429854E+01  -0.626661E+00   0.121488E+01  -0.331217E+00
    2.800  -0.423697E+01  -0.624240E+00   0.124421E+01  -0.347205E+00
    2.810  -0.417595E+01  -0.621877E+00   0.127460E+01  -0.364275E+00
    2.820  -0.411548E+01  -0.619572E+00   0.130609E+01  -0.382521E+00
    2.830  -0.405554E+01  -0.617324E+00   0.133872E+01  -0.402048E+00
    2.840  -0.399614E+01  -0.615134E+00   0.137256E+01  -0.422971E+00
    2.850  -0.393725E+01  -0.613002E+00   0.140764E+01  -0.445420E+00
    2.860  -0.387887E+01  -0.610927E+00   0.144403E+01  -0.469536E+00
    2.870  -0.382099E+01  -0.608910E+00   0.148177E+01  -0.495480E+00
    2.880  -0.376361E+01  -0.606950E+00   0.152092E+01  -0.523427E+00
    2.890  -0.370671E+01  -0.605048E+00   0.156152E+01  -0.553575E+00
    2.900  -0.365029E+01  -0.603204E+00   0.160362E+01  -0.586145E+00
    2.910  -0.359434E+01  -0.601417E+00   0.164726E+01  -0.621383E+00
    2.920  -0.353884E+01  -0.599689E+00   0.169249E+01  -0.659564E+00
    2.930  -0.348380E+01  -0.598018E+00   0.173931E+01  -0.700997E+00
    2.940  -0.342920E+01  -0.596406E+00   0.178775E+01  -0.746029E+00
    2.950  -0.337504E+01  -0.594852E+00   0.183781E+01  -0.795047E+00
    2.960  -0.332131E+01  -0.593357E+00   0.188945E+01  -0.848487E+00
    2.970  -0.326800E+01  -0.591920E+00   0.194261E+01  -0.906835E+00
    2.980  -0.321510E+01  -0.590543E+00   0.199719E+01  -0.970639E+00
    2.990  -0.316261E+01  -0.589225E+00   0.205305E+01  -0.104051E+01
    3.000  -0.311052E+01  -0.587967E+00   0.210997E+01  -0.111712E+01
    3.010  -0.305883E+01  -0.586770E+00   0.216764E+01  -0.120124E+01
    3.020  -0.300751E+01  -0.585633E+00   0.222565E+01  -0.129370E+01
    3.030  -0.295658E+01  -0.584557E+00   0.228346E+01  -0.139541E+01
    3.040  -0.290601E+01  -0.583542E+00   0.234035E+01  -0.150737E+01
    3.050  -0.285581E+01  -0.582590E+00   0.239539E+01  -0.163066E+01
    3.060  -0.280596E+01  -0.581700E+00   0.244738E+01  -0.176638E+01
    3.070  -0.275647E+01  -0.580874E+00   0.249479E+01  -0.191569E+01
    3.080  -0.270731E+01  -0.580111E+00   0.253572E+01  -0.207969E+01
    3.090  -0.265850E+01  -0.579412E+00   0.256778E+01  -0.225939E+01
    3.100  -0.261001E+01  -0.578779E+00   0.258809E+01  -0.245557E+01
    3.110  -0.256185E+01  -0.578212E+00   0.259314E+01  -0.266865E+01
    3.120  -0.251400E+01  -0.577711E+00   0.257883E+01  -0.289846E+01
    3.130  -0.246647E+01  -0.577278E+00   0.254048E+01  -0.314398E+01
    3.140  -0.241923E+01  -0.576914E+00   0.247293E+01  -0.340304E+01
    3.150  -0.237230E+01  -0.576619E+00   0.237085E+01  -0.367200E+01
    3.160  -0.232565E+01  -0.576393E+00   0.222907E+01  -0.394539E+01
    3.170  -0.227929E+01  -0.576240E+00   0.204331E+01  -0.421582E+01
    3.180  -0.223321E+01  -0.576159E+00   0.181087E+01  -0.447393E+01
    3.190  -0.218739E+01  -0.576151E+00   0.153156E+01  -0.470883E+01
    3.200  -0.214185E+01  -0.576218E+00   0.120843E+01  -0.490889E+01
    3.210  -0.209656E+01  -0.576361E+00   0.848223E+00  -0.506297E+01
    3.220  -0.205153E+01  -0.576581E+00   0.461284E+00  -0.516186E+01
    3.230  -0.200674E+01  -0.576880E+00   0.607241E-01  -0.519968E+01
    3.240  -0.196219E+01  -0.577259E+00  -0.338954E+00  -0.517477E+01
    3.250  -0.191787E+01  -0.577719E+00  -0.723561E+00  -0.508998E+01
    3.260  -0.187379E+01  -0.578263E+00  -0.108083E+01  -0.495205E+01
    3.270  -0.182992E+01  -0.578892E+00  -0.140156E+01  -0.477054E+01
    3.280  -0.178628E+01  -0.579607E+00  -0.168013E+01  -0.455639E+01
    3.290  -0.174284E+01  -0.580410E+00  -0.191433E+01  -0.432057E+01
    3.300  -0.169960E+01  -0.581304E+00  -0.210485E+01  -0.407308E+01
    3.310  -0.165656E+01  -0.582291E+00  -0.225446E+01  -0.382236E+01
    3.320  -0.161371E+01  -0.583371E+00  -0.236725E+01  -0.357501E+01
    3.330  -0.157105E+01  -0.584549E+00  -0.244791E+01  -0.333585E+01
    3.340  -0.152856E+01  -0.585825E+00  -0.250124E+01  -0.310813E+01
    3.350  -0.148625E+01  -0.587202E+00  -0.253185E+01  -0.289382E+01
    3.360  -0.144410E+01  -0.588683E+00  -0.254388E+01  -0.269390E+01
    3.370  -0.140211E+01  -0.590271E+00  -0.254100E+01  -0.250863E+01
    3.380  -0.136028E+01  -0.591968E+00  -0.252632E+01  -0.233773E+01
    3.390  -0.131859E+01  -0.593776E+00  -0.250245E+01  -0.218062E+01
    3.400  -0.127704E+01  -0.595700E+00  -0.247158E+01  -0.203652E+01
    3.410  -0.123563E+01  -0.597742E+00  -0.243544E+01  -0.190453E+01
    3.420  -0.119434E+01  -0.599906E+00  -0.239548E+01  -0.178372E+01
    3.430  -0.115318E+01  -0.602195E+00  -0.235284E+01  -0.167316E+01
    3.440  -0.111213E+01  -0.604612E+00  -0.230842E+01  -0.157197E+01
    3.450  -0.107119E+01  -0.607161E+00  -0.226294E+01  -0.147928E+01
    3.460  -0.103035E+01  -0.609847E+00  -0.221696E+01  -0.139433E+01
    3.470  -0.989608E+00  -0.612674E+00  -0.217092E+01  -0.131639E+01
    3.480  -0.948952E+00  -0.615645E+00  -0.212516E+01  -0.124480E+01
    3.490  -0.908377E+00  -0.618766E+00  -0.207993E+01  -0.117897E+01
    3.500  -0.867877E+00  -0.622041E+00  -0.203541E+01  -0.111835E+01
    3.510  -0.827445E+00  -0.625475E+00  -0.199176E+01  -0.106247E+01
    3.520  -0.787073E+00  -0.629075E+00  -0.194908E+01  -0.101087E+01
    3.530  -0.746754E+00  -0.632844E+00  -0.190742E+01  -0.963176E+00
    3.540  -0.706482E+00  -0.636789E+00  -0.186683E+01  -0.919025E+00
    3.550  -0.666249E+00  -0.640916E+00  -0.182734E+01  -0.878102E+00
    3.560  -0.626048E+00  -0.645232E+00  -0.178895E+01  -0.840121E+00
    3.570  -0.585870E+00  -0.649743E+00  -0.175166E+01  -0.804826E+00
    3.580  -0.545710E+00  -0.654457E+00  -0.171545E+01  -0.771986E+00
    3.590  -0.505559E+00  -0.659380E+00  -0.168032E+01  -0.741394E+00
    3.600  -0.465409E+00  -0.664521E+00  -0.164623E+01  -0.712864E+00
    3.610  -0.425254E+00  -0.669888E+00  -0.161315E+01  -0.686226E+00
    3.620  -0.385083E+00  -0.675490E+00  -0.158106E+01  -0.661328E+00
    3.630  -0.344891E+00  -0.681335E+00  -0.154992E+01  -0.638033E+00
    3.640  -0.304668E+00  -0.687433E+00  -0.151970E+01  -0.616216E+00
    3.650  -0.264407E+00  -0.693795E+00  -0.149036E+01  -0.595765E+00
    3.660  -0.224098E+00  -0.700431E+00  -0.146188E+01  -0.576576E+00
    3.670  -0.183734E+00  -0.707352E+00  -0.143421E+01  -0.558558E+00
    3.680  -0.143307E+00  -0.714571E+00  -0.140732E+01  -0.541626E+00
    3.690  -0.102806E+00  -0.722099E+00  -0.138119E+01  -0.525702E+00
    3.700  -0.622249E-01  -0.729950E+00  -0.135578E+01  -0.510717E+00
    3.710  -0.215531E-01  -0.738138E+00  -0.133106E+01  -0.496606E+00
    3.720   0.192177E-01  -0.746678E+00  -0.130700E+01  -0.483311E+00
    3.730   0.600967E-01  -0.755585E+00  -0.128357E+01  -0.470778E+00
    3.740   0.101093E+00  -0.764875E+00  -0.126075E+01  -0.458959E+00
    3.750   0.142215E+00  -0.774566E+00  -0.123850E+01  -0.447809E+00
    3.760   0.183474E+00  -0.784677E+00  -0.121681E+01  -0.437286E+00
    3.770   0.224877E+00  -0.795226E+00  -0.119564E+01  -0.427353E+00
    3.780   0.266434E+00  -0.806235E+00  -0.117498E+01  -0.417974E+00
    3.790   0.308154E+00  -0.817725E+00  -0.115480E+01  -0.409118E+00
    3.800   0.350047E+00  -0.829720E+00  -0.113508E+01  -0.400756E+00
    3.810   0.392122E+00  -0.842243E+00  -0.111579E+01  -0.392860E+00
    3.820   0.434388E+00  -0.855321E+00  -0.109693E+01  -0.385406E+00
    3.830   0.476854E+00  -0.868982E+00  -0.107847E+01  -0.378370E+00
    3.840   0.519528E+00  -0.883254E+00  -0.106038E+01  -0.371732E+00
    3.850   0.562420E+00  -0.898170E+00  -0.104266E+01  -0.365471E+00
    3.860   0.605537E+00  -0.913761E+00  -0.102529E+01  -0.359570E+00
    3.870   0.648888E+00  -0.930062E+00  -0.100825E+01  -0.354012E+00
    3.880   0.692479E+00  -0.947112E+00  -0.991527E+00  -0.348782E+00
    3.890   0.736319E+00  -0.964950E+00  -0.975101E+00  -0.343865E+00
    3.900   0.780412E+00  -0.983618E+00  -0.958962E+00  -0.339249E+00
    3.910   0.824765E+00  -0.100316E+01  -0.943094E+00  -0.334922E+00
    3.920   0.869382E+00  -0.102362E+01  -0.927486E+00  -0.330872E+00
    3.930   0.914267E+00  -0.104506E+01  -0.912123E+00  -0.327090E+00
    3.940   0.959421E+00  -0.106753E+01  -0.896995E+00  -0.323566E+00
    3.950   0.100485E+01  -0.109108E+01  -0.882087E+00  -0.320291E+00
    3.960   0.105054E+01  -0.111577E+01  -0.867390E+00  -0.317259E+00
    3.970   0.109650E+01  -0.114168E+01  -0.852893E+00  -0.314462E+00
    3.980   0.114273E+01  -0.116887E+01  -0.838583E+00  -0.311893E+00
    3.990   0.118920E+01  -0.119741E+01  -0.824452E+00  -0.309547E+00
    4.000   0.123592E+01  -0.122739E+01  -0.810488E+00  -0.307419E+00
    4.010   0.128287E+01  -0.125888E+01  -0.796683E+00  -0.305504E+00
    4.020   0.133003E+01  -0.129198E+01  -0.783026E+00  -0.303798E+00
    4.030   0.137737E+01  -0.132679E+01  -0.769509E+00  -0.302298E+00
    4.040   0.142487E+01  -0.136339E+01  -0.756122E+00  -0.301001E+00
    4.050   0.147249E+01  -0.140190E+01  -0.742857E+00  -0.299903E+00
    4.060   0.152020E+01  -0.144244E+01  -0.729705E+00  -0.299004E+00
    4.070   0.156793E+01  -0.148512E+01  -0.716658E+00  -0.298302E+00
    4.080   0.161563E+01  -0.153006E+01  -0.703709E+00  -0.297796E+00
    4.090   0.166324E+01  -0.157742E+01  -0.690848E+00  -0.297484E+00
    4.100   0.171067E+01  -0.162731E+01  -0.678069E+00  -0.297368E+00
    4.110   0.175782E+01  -0.167991E+01  -0.665364E+00  -0.297446E+00
    4.120   0.180459E+01  -0.173535E+01  -0.652726E+00  -0.297721E+00
    4.130   0.185084E+01  -0.179380E+01  -0.640146E+00  -0.298193E+00
    4.140   0.189643E+01  -0.185543E+01  -0.627619E+00  -0.298865E+00
    4.150   0.194120E+01  -0.192042E+01  -0.615137E+00  -0.299737E+00
    4.160   0.198494E+01  -0.198894E+01  -0.602694E+00  -0.300813E+00
    4.170   0.202744E+01  -0.206117E+01  -0.590283E+00  -0.302097E+00
    4.180   0.206844E+01  -0.213730E+01  -0.577896E+00  -0.303590E+00
    4.190   0.210765E+01  -0.221750E+01  -0.565529E+00  -0.305299E+00
    4.200   0.214476E+01  -0.230196E+01  -0.553174E+00  -0.307228E+00
    4.210   0.217939E+01  -0.239083E+01  -0.540826E+00  -0.309381E+00
    4.220   0.221113E+01  -0.248427E+01  -0.528478E+00  -0.311765E+00
    4.230   0.223953E+01  -0.258241E+01  -0.516125E+00  -0.314385E+00
    4.240   0.226407E+01  -0.268536E+01  -0.503760E+00  -0.317251E+00
    4.250   0.228418E+01  -0.279319E+01  -0.491378E+00  -0.320368E+00
    4.260   0.229924E+01  -0.290591E+01  -0.478975E+00  -0.323745E+00
    4.270   0.230857E+01  -0.302349E+01  -0.466543E+00  -0.327392E+00
    4.280   0.231143E+01  -0.314583E+01  -0.454079E+00  -0.331319E+00
    4.290   0.230703E+01  -0.327272E+01  -0.441577E+00  -0.335535E+00
    4.300   0.229453E+01  -0.340387E+01  -0.429034E+00  -0.340054E+00
    4.310   0.227308E+01  -0.353885E+01  -0.416444E+00  -0.344888E+00
    4.320   0.224176E+01  -0.367710E+01  -0.403803E+00  -0.350049E+00
    4.330   0.219969E+01  -0.381789E+01  -0.391109E+00  -0.355553E+00
    4.340   0.214600E+01  -0.396035E+01  -0.378357E+00  -0.361415E+00
    4.350   0.207987E+01  -0.410338E+01  -0.365546E+00  -0.367653E+00
    4.360   0.200057E+01  -0.424573E+01  -0.352672E+00  -0.374284E+00
    4.370   0.190753E+01  -0.438593E+01  -0.339734E+00  -0.381328E+00
    4.380   0.180034E+01  -0.452233E+01  -0.326732E+00  -0.388805E+00
    4.390   0.167882E+01  -0.465315E+01  -0.313665E+00  -0.396738E+00
    4.400   0.154308E+01  -0.477645E+01  -0.300534E+00  -0.405151E+00
    4.410   0.139354E+01  -0.489024E+01  -0.287340E+00  -0.414069E+00
    4.420   0.123098E+01  -0.499251E+01  -0.274088E+00  -0.423520E+00
    4.430   0.105652E+01  -0.508131E+01  -0.260780E+00  -0.433534E+00
    4.440   0.871695E+00  -0.515485E+01  -0.247424E+00  -0.444140E+00
    4.450   0.678341E+00  -0.521154E+01  -0.234028E+00  -0.455373E+00
    4.460   0.478615E+00  -0.525013E+01  -0.220600E+00  -0.467268E+00
    4.470   0.274901E+00  -0.526972E+01  -0.207154E+00  -0.479864E+00
    4.480   0.697323E-01  -0.526985E+01  -0.193704E+00  -0.493199E+00
    4.490  -0.134304E+00  -0.525050E+01  -0.180269E+00  -0.507318E+00
    4.500  -0.334670E+00  -0.521212E+01  -0.166869E+00  -0.522265E+00
    4.510  -0.528969E+00  -0.515557E+01  -0.153532E+00  -0.538088E+00
    4.520  -0.715033E+00  -0.508209E+01  -0.140287E+00  -0.554838E+00
    4.530  -0.890990E+00  -0.499324E+01  -0.127168E+00  -0.572568E+00
    4.540  -0.105531E+01  -0.489082E+01  -0.114219E+00  -0.591332E+00
    4.550  -0.120683E+01  -0.477675E+01  -0.101486E+00  -0.611190E+00
    4.560  -0.134476E+01  -0.465306E+01  -0.890260E-01  -0.632201E+00
    4.570  -0.146865E+01  -0.452173E+01  -0.769018E-01  -0.654427E+00
    4.580  -0.157838E+01  -0.438470E+01  -0.651872E-01  -0.677930E+00
    4.590  -0.167412E+01  -0.424377E+01  -0.539665E-01  -0.702774E+00
    4.600  -0.175625E+01  -0.410060E+01  -0.433357E-01  -0.729024E+00
    4.610  -0.182534E+01  -0.395666E+01  -0.334041E-01  -0.756741E+00
    4.620  -0.188213E+01  -0.381323E+01  -0.242954E-01  -0.785984E+00
    4.630  -0.192741E+01  -0.367140E+01  -0.161491E-01  -0.816809E+00
    4.640  -0.196206E+01  -0.353206E+01  -0.912196E-02  -0.849264E+00
    4.650  -0.198697E+01  -0.339596E+01  -0.338917E-02  -0.883389E+00
    4.660  -0.200303E+01  -0.326366E+01   0.854628E-03  -0.919213E+00
    4.670  -0.201113E+01  -0.313559E+01   0.339453E-02  -0.956745E+00
    4.680  -0.201208E+01  -0.301206E+01   0.399501E-02  -0.995979E+00
    4.690  -0.200670E+01  -0.289327E+01   0.240020E-02  -0.103688E+01
    4.700  -0.199571E+01  -0.277934E+01  -0.166503E-02  -0.107939E+01
    4.710  -0.197981E+01  -0.267030E+01  -0.849301E-02  -0.112340E+01
    4.720  -0.195962E+01  -0.256614E+01  -0.183897E-01  -0.116878E+01
    4.730  -0.193572E+01  -0.246679E+01  -0.316698E-01  -0.121533E+01
    4.740  -0.190861E+01  -0.237215E+01  -0.486497E-01  -0.126280E+01
    4.750  -0.187877E+01  -0.228209E+01  -0.696382E-01  -0.131089E+01
    4.760  -0.184660E+01  -0.219645E+01  -0.949258E-01  -0.135921E+01
    4.770  -0.181248E+01  -0.211506E+01  -0.124770E+00  -0.140734E+01
    4.780  -0.177674E+01  -0.203776E+01  -0.159383E+00  -0.145474E+01
    4.790  -0.173966E+01  -0.196437E+01  -0.198908E+00  -0.150085E+01
    4.800  -0.170150E+01  -0.189470E+01  -0.243410E+00  -0.154502E+01
    4.810  -0.166248E+01  -0.182857E+01  -0.292850E+00  -0.158658E+01
    4.820  -0.162281E+01  -0.176579E+01  -0.347079E+00  -0.162481E+01
    4.830  -0.158264E+01  -0.170621E+01  -0.405815E+00  -0.165901E+01
    4.840  -0.154213E+01  -0.164965E+01  -0.468649E+00  -0.168849E+01
    4.850  -0.150141E+01  -0.159594E+01  -0.535035E+00  -0.171262E+01
    4.860  -0.146060E+01  -0.154494E+01  -0.604308E+00  -0.173084E+01
    4.870  -0.141978E+01  -0.149648E+01  -0.675693E+00  -0.174272E+01
    4.880  -0.137904E+01  -0.145044E+01  -0.748336E+00  -0.174797E+01
    4.890  -0.133846E+01  -0.140667E+01  -0.821335E+00  -0.174644E+01
    4.900  -0.129808E+01  -0.136504E+01  -0.893772E+00  -0.173815E+01
    4.910  -0.125797E+01  -0.132545E+01  -0.964754E+00  -0.172329E+01
    4.920  -0.121817E+01  -0.128776E+01  -0.103344E+01  -0.170219E+01
    4.930  -0.117871E+01  -0.125188E+01  -0.109910E+01  -0.167533E+01
    4.940  -0.113962E+01  -0.121771E+01  -0.116107E+01  -0.164328E+01
    4.950  -0.110093E+01  -0.118514E+01  -0.121887E+01  -0.160669E+01
    4.960  -0.106265E+01  -0.115409E+01  -0.127210E+01  -0.156625E+01
    4.970  -0.102481E+01  -0.112448E+01  -0.132053E+01  -0.152269E+01
    4.980  -0.987418E+00  -0.109622E+01  -0.136404E+01  -0.147671E+01
    4.990  -0.950476E+00  -0.106925E+01  -0.140261E+01  -0.142897E+01
    5.000  -0.913994E+00  -0.104348E+01  -0.143635E+01  -0.138011E+01
